ACTIVE_PART_STACK__BODY_BACKGROUND_COLOR=267.1777, 0.20744681, 0.7925532
ACTIVE_PART_STACK__CHEVRON_COLOR=316.09756, 0.308511, 0.952128
ACTIVE_PART_STACK__CLOSE_BUTTON_COLOR=316.09756, 0.308511, 0.952128
FORMS__FORM_HEADING_BORDER_1_COLOR=316.09756, 0.308511, 0.952128
FORMS__FORM_HEADING_BORDER_2_COLOR=316.09756, 0.308511, 0.952128
FORMS__HYPER_LINK_COLOR=302.29965, 0.4787234, 1.0
OTHERS__DRAG_FEEDBACK_COLOR=316.09756, 0.308511, 0.952128
WINDOW__BACKGROUND_COLOR=316.09756, 0.30851063, 0.95212764
WINDOW__PERSPECTIVE_SWITCHER_KEY_LINE_COLOR=316.09756, 0.308511, 0.952128
WINDOW__PERSPECTIVE_SWITCHER_TEXT_COLOR=270.94077, 0.10638298, 0.81914896
WINDOW__STATUS_BAR_TEXT_COLOR=316.09756, 0.308511, 0.952128
eclipse.preferences.version=1
